9 23 33 40 42 45 51 62 64 68 73 84 92                                                                                       
27 35 70 84 89                                                                                               
4 30 32 78 91                                                                                               
3 6 19 43 49 50 58 59 70 92 94 96 100                                                                                       
4 18 31 59 64 78 91                                                                                             
15 21 34 43 47 55 67 74 78 79 88 89 90 99                                                                                      
3 6 12 19 20 24 46 56 58 60 66 69 72 75 77 78 80 81 85 89 92                                                                               
11 14 22 25 26 41 45 52 89 95 96                                                                                         
2 10 16 35 50 54 70 72 89 92 95 99                                                                                        
1 7 9 36 43 44 49 50 68 72 74 76 79 95                                                                                      
2 4 10 29 30 54 56 95 98 99                                                                                          
1 2 10 16 23 29 32 47 53 54 56 57 76 99                                                                                      
12 16 38 57 59                                                                                               
14 17 20 21 41 50 64 71 72 83 88 93 96 97 98                                                                                     
8 13 17 30 46 48 63 72                                                                                            
12 32 39 53 61 62 64 65 74 82 84 91 92 93                                                                                      
4 5 17 24 28 37 38 48 59 64 81 86 87 91 93                                                                                     
