           12  14               29                       52 53   56        64           75          85   88 89       96   99 
                           28 29          39                         64              78         87 88        96   99 
            13       20    24 25 26 27                       50                                          92        
1 2 3 4 5                21 22 23     28   31       38          48     53     58 59                 76                        
         10     15 16 17 18              32    36  38 39           50 51     56         65  67       74 75   78     83 84   87   90      96   99 
                                 34      40 41 42 43       50     55  57  59  61       68 69           80          90  92        100
      7 8 9 10          20               35 36 37 38         47 48 49       56          66      72                         97 98 99 
        9  11 12 13 14 15     20                                52  54  56      62  64 65 66 67                83 84 85    89        97  99 
      7                                39             52 53           64      70 71  73     78 79 80 81     86 87 88       95 96    
         10 11                                           54 55                                             
   4   7               22 23     28  30              44 45 46         55   58  60                 77     82         91 92 93   96    100
                  19 20         29                           56 57 58 59                                        99 
                      23          33 34 35   38   41        49                   68  70 71 72 73      79                   98  
   4 5 6      12 13          23        31 32                48           59                 76       83     88            
          11  13          23                                                 72        80            92  94      
    5  7                      29       36 37 38 39        47  49             62 63 64             77 78  80    84    88            
 2     7 8  10 11        19    23      29   32                 49     54 55  57  59  61                   80          90    94      100
