7 19 47 64 115 142 176 259 278 293 336 339 388 402 426 460 473 525 602 651 655 659 683 796 797 856 900 916
25 42 59 83 91 134 143 164 238 246 249 327 375 384 421 475 498 527 554 574 575 638 645 717 747 759 879 906 908 933 953 955 990
16 30 52 128 137 148 203 210 217 245 321 331 468 491 534 572 649 678 687 723 729 792 802 806 810 812 856 907 948 955 958 987
38 76 94 116 159 175 204 244 274 322 415 475 534 621 729 752 765 833 852 878 918
33 152 155 161 163 188 354 435 511 515 518 599 631 659 704 784 797 826 894 906 997
3 6 43 46 61 144 157 174 179 189 195 214 246 256 289 298 304 309 314 367 375 394 427 437 445 451 481 485 506 523 594 613 627 630 678 716 792 837 857 859 878 940 972 979 982
65 69 80 208 213 231 281 294 307 372 373 375 377 393 400 418 448 466 493 635 928 940 964
6 16 50 55 80 99 101 103 118 126 127 131 144 177 188 219 220 240 270 308 314 342 365 375 377 399 444 454 501 502 504 544 593 623 645 648 649 667 683 688 748 754 790 791 894 913 916 928
70 172 177 186 237 264 268 274 340 349 371 376 411 448 454 465 481 494 499 505 527 533 561 568 575 584 630 647 679 723 738 744 791 801 819 923 964 970 977
128 148 167 186 207 246 301 389 434 524 543 575 600 619 630 644 669 670 741 759 765 808 814 833 842 878 908 913 976 992
5 22 36 154 216 219 283 302 338 392 437 447 467 487 498 524 553 600 665 684 725 763 938 949 964 994
39 60 150 186 212 214 217 250 311 347 377 424 504 563 590 626 632 649 688 731 788 838 844 885 901 910 912 972 976 978
37 38 95 197 285 303 328 361 374 379 424 475 521 525 533 577 579 581 644 685 693 703 960 980 990
40 112 173 196 220 250 254 289 343 382 397 426 453 520 522 533 568 598 668 679 739 768 784 800 828 850 863 867 878 934
31 34 105 182 190 329 378 413 540 578 598 610 723 752 784 785 798 803 807 880 931
10 21 114 123 158 205 233 262 265 327 335 399 405 427 464 473 524 585 590 597 599 636 639 681 682 691 700 705 708 737 753 782 795 818 834 838 853 944 966 967 975 992 997
13 19 25 38 90 114 264 298 318 319 373 395 408 427 436 452 461 509 520 591 596 674 676 710 755 773 781 792 844 879 926 956 978 999
26 52 165 195 197 251 272 307 323 344 391 451 585 604 607 639 671 741 812 848 867 871 872 906 923 994
5 14 35 55 63 127 188 266 293 413 414 440 461 466 503 511 580 620 703 710 741
55 72 84 90 139 142 158 161 165 175 185 220 224 276 281 328 349 421 442 501 509 534 584 598 637 656 668 672 677 686 730 732 734 842 880 881 918 923 941 954 959 984
7 73 84 187 262 272 315 332 342 365 369 371 423 434 490 494 496 514 568 617 644 657 738 803 830 846 853 854 899 903 935 945 975 998
66 69 82 91 219 260 307 349 383 511 516 565 569 579 603 620 633 645 659 749 779 843 869 919 972
21 83 103 115 132 136 149 159 175 200 211 308 401 407 454 499 512 520 557 579 584 589 605 635 664 698 702 731 759 777 837 870 889 894 906 919 934
30 32 53 115 158 169 190 194 195 202 213 225 242 244 313 321 350 381 392 441 479 492 578 635 642 652 674 688 698 705 712 786 791 804 828 835 855 889 930 942 946 959 991 996 999
4 23 81 132 144 160 179 218 261 293 359 389 425 426 434 438 445 460 470 516 523 540 544 586 600 606 630 647 659 664 678 682 685 695 717 735 762 807 814 826 832 843 868 887 956 973 980
53 65 153 168 205 233 334 387 476 503 578 605 621 629 649 743 796 807 813 838 855 959 986
25 80 187 225 232 269 314 326 333 412 422 445 468 474 475 540 571 592 669 709 768 827 932 980
17 41 53 78 84 141 175 198 204 253 306 334 379 385 516 547 581 628 664 674 684 687 698 738 790 798 815 820 842 880 919 931 939 954 988 994
58 72 147 218 219 230 252 294 320 357 390 392 424 432 469 484 486 488 503 533 540 581 665 673 704 705 715 803 819 873 902 931 938
12 16 20 25 69 135 245 273 289 295 296 328 465 478 481 488 524 543 560 582 606 608 655 665 668 673 694 700 725 730 771 789 806 809 898 961 985 996
23 38 92 101 153 158 212 294 299 328 337 369 382 401 428 438 465 478 494 502 509 522 551 564 595 673 747 750 766 785 802 926 938 948 953 971
78 108 117 119 120 150 153 178 184 225 235 237 238 256 385 401 412 431 486 528 543 545 570 574 592 613 627 658 672 675 689 706 763 808 837 842 843 874 887 888 895 897 911 939 944 976 977 990
98 129 135 149 203 204 206 217 220 238 260 285 294 313 368 373 376 424 433 446 471 476 483 501 521 527 573 617 627 647 663 693 703 706 721 766 922 945 951 985
32 72 127 136 148 172 193 256 261 274 283 333 359 377 384 416 422 439 463 517 522 653 663 701 706 718 719 722 815 863 888 947 969 987 988 991
17 31 54 61 66 101 165 168 171 282 417 433 551 602 605 640 669 699 712 741 803 820 825 830 841 860 902 937 955
33 134 163 178 179 202 229 236 255 285 327 355 394 410 411 448 476 477 478 481 482 551 564 655 675 678 681 682 776 797 880 882 892 908 917 940 970 982
15 17 72 74 83 92 107 112 157 203 213 237 242 309 312 345 349 401 411 426 451 455 498 504 568 612 620 672 700 713 715 720 737 754 767 775 795 848 856 858 881 887 930
27 29 66 90 106 187 226 248 313 341 347 369 433 437 452 453 473 480 544 594 628 637 712 713 727 734 742 758 763 836 850 860 868 882 883 904 911 937 967 969 990 991 996 998
65 79 90 111 136 177 190 209 223 290 295 322 326 335 338 399 403 425 446 468 523 583 601 614 634 647 651 666 684 698 710 716 737 767 772 818 834 835 850 859 886 892 922 930 958 974 991
76 178 183 194 272 276 356 385 466 477 486 495 508 590 606 609 620 639 665 666 669 766 774 777 793 805 881 932 934 948 958
43 75 100 171 179 180 185 194 212 234 242 263 298 351 374 384 390 419 449 477 517 609 642 679 701 731 765 787 896 928 960 986 992
6 21 52 61 115 131 133 134 145 149 150 159 177 187 263 331 359 366 404 463 464 476 517 535 602 672 713 716 726 744 751 754 848 851 888 910 962 967
2 32 68 78 91 106 135 162 170 191 200 233 244 253 263 265 308 333 371 379 381 430 433 436 441 445 448 456 470 489 507 539 554 567 623 684 715 744 753 798 844 866 891 931 941 965 989 1000
8 13 30 55 110 113 114 119 131 218 352 381 399 436 443 508 529 573 637 644 736 743 805 815 932 953
64 122 144 172 189 205 243 295 314 342 374 398 412 441 526 536 561 567 573 607 651 653 683 730 805 813 843 860 863 866 876 879 910 920 985 997
24 51 87 97 112 186 194 235 241 243 289 313 319 325 331 347 359 365 386 412 428 436 499 500 527 574 595 628 658 662 710 735 769 807 823 830 835 844 861 881 889 905 928 949 970 975 993 995
89 92 103 151 163 168 171 185 209 216 224 260 274 277 302 323 326 341 384 389 396 425 432 444 492 500 516 525 543 552 556 561 616 631 650 703 711 746 783 815 818 850 888 892 896 929 949 969 983 998
7 30 48 50 114 128 142 156 157 188 200 233 262 276 292 299 347 440 451 462 520 521 544 559 578 579 588 605 627 682 745 747 813 816 832 833 834 838 845 855 868 926 936 944 955 987
31 33 59 68 71 101 119 153 172 190 198 217 222 224 281 297 342 371 440 470 478 497 551 558 566 609 622 668 675 685 687 705 777 785 852 855 867 882 902 913 918 927 951 952 987
11 20 28 80 92 131 132 146 161 183 204 212 216 258 267 307 309 316 413 419 441 465 486 507 530 558 585 613 637 658 685 720 733 760 767 783 794 795 832 853 856 865 914 915 916 945 975
11 50 64 106 341 376 428 438 494 501 539 580 587 677 759 808 849 882 922 954 974
9 13 29 66 85 104 148 150 280 291 295 309 346 382 416 449 457 488 507 508 517 555 592 609 675 687 708 722 724 738 750 819 820 834 866 875 890 893 896 940 944 951 961 982
11 23 56 62 127 161 182 215 245 253 264 288 324 364 416 440 537 558 734 763 831 892 939 977
18 45 83 128 138 183 200 213 222 261 293 374 411 416 449 462 492 500 549 599 616 618 621 692 707 729 750 757 766 792 812 830 848 853 864 877 889 909 954 956
13 29 49 59 199 237 275 300 301 335 365 379 422 432 503 554 567 576 611 623 631 642 646 677 740 779 781 814 821 824 828 829 849 902 964 974 986
68 192 224 227 271 330 333 334 344 361 432 499 628 680 692 790 808 817 833 847 887 948 971 978 993
15 16 197 225 235 247 250 284 322 331 348 382 420 500 538 564 592 594 623 666 729 764 778 839 994
17 23 76 88 142 222 239 321 326 338 419 455 521 607 661 674 688 720 752 779 894
29 37 91 140 195 206 221 257 262 281 285 319 322 392 428 444 446 455 461 558 617 651 653 657 666 693 701 714 723 725 777 779 797 802 806 826 859 868 922 924 941 943 957 969 976 981 985 992 999
5 15 44 53 119 132 134 154 159 165 189 250 253 299 319 353 381 422 437 450 453 502 509 511 532 548 580 626 642 662 663 679 681 686 704 706 725 743 746 754 826 835 859 896 910 919 939 950 953 970
32 84 96 121 181 189 260 286 315 335 344 366 463 464 473 507 508 581 616 624 650 690 708 722 731 735 744 791 866 884 908 913 921 926 932 945 971 978 982 988
19 77 102 214 344 389 406 444 452 567 580 626 653 686 712 753 811 923 937 967
37 57 78 214 222 243 298 302 308 363 369 370 502 513 519 522 539 561 562 584 600 650 700 701 730 781 784 790 813 852 938 996
93 103 130 154 182 203 265 380 458 462 504 531 539 621 692 746 768 849 918 934 961 980 997
61 112 201 209 216 276 305 362 425 453 454 460 461 534 546 554 574 631 663 677 692 704 716 717 734 735 765 768 783 818 822 837 852 879 951 959 998 999
7 20 124 171 185 202 209 243 245 246 299 301 315 323 390 438 459 463 575 598 602 673 693 696 697 756 761 767 812 862 863 925 937 949 956 961 993
43 59 76 86 135 198 218 235 238 256 272 310 338 366 376 427 429 452 455 462 477 525 585 599 625 626 645 655 664 717 722 746 752 780 798 805 911 947 958 977 988
15 31 52 65 182 183 198 206 228 261 263 283 334 361 390 413 419 421 460 464 466 468 492 510 523 541 564 594 595 616 650 662 708 713 728 785 799 819 832 840 867 916 963 968
20 21 33 43 50 106 136 197 202 205 283 317 366 394 434 617 715 737 743 802 814 820 849 941 947 971
5 11 64 69 149 168 206 242 265 279 358 360 361 421 449 607 615 635 639 660 770 795 796 860 960 993
19 37 67 109 125 157 163 166 264 301 302 323 394 472 488 542 550 590 606 613 641 654 657 658 662 750 753 783 806 828 974 986
6 68 154 178 244 287 315 321 327 341 373 385 409 446 470 498 573 595 643 657 681 683 686 720 747 781 796 911 930 947 960 972
