9 10 143 170 179 235 275 276 277 330 339 354 360 409 411 471 577 608 609 619 632 641 690 732 760 771 847 855 875 882 885 893 914 917 956 963 974
6 46 79 98 132 138 319 348 381 417 426 451 492 499 615 633 657 677 690 737 758 774 831 935
84 110 188 197 236 282 289 304 412 417 443 502 508 522 528 553 593 596 709 724 764 792 865
3 35 70 74 83 122 228 230 234 270 280 287 295 347 349 356 385 405 408 411 426 441 492 496 498 502 528 529 580 588 626 636 645 741 765 798 829 841 849 855 862 867 880 918 941 946 986
17 33 35 55 57 95 136 181 210 230 256 261 290 291 351 536 559 650 675 682 703 706 729 749 771 805 808 836 914 919 944 966 987
15 20 64 87 133 135 155 165 166 181 219 221 229 234 258 269 304 305 311 312 365 418 424 428 459 523 526 533 536 545 604 629 635 695 707 720 725 754 770 780 800 823 843 854 869 886 920 944 975 1000
33 112 139 176 187 199 216 250 271 313 351 388 392 401 434 436 471 524 525 543 556 566 581 612 635 717 729 732 733 748 805 963 970 983
56 72 95 100 134 156 240 311 327 338 424 435 443 463 465 478 537 680 771 914 923
14 15 20 70 115 142 186 208 211 233 264 277 311 343 361 394 405 410 418 447 477 482 489 492 519 527 547 562 614 645 648 673 691 710 739 769 791 815 828 845 847 926 954 982 997
16 26 105 147 163 164 287 305 329 360 397 406 533 655 690 781 810 876 902 935 953 988
4 40 55 79 93 105 140 147 221 235 265 276 288 338 362 437 490 491 506 546 563 584 632 644 665 702 722 745 818 833 885
29 35 37 193 239 288 357 358 473 494 503 561 564 591 605 613 628 691 703 714 728
15 39 151 174 183 268 389 450 476 493 520 594 804 853 857 877 893 931 941 953 968
9 59 70 76 132 265 288 291 302 310 331 362 415 456 473 493 565 618 625 628 678 688 692 707 733 767 819 821 828 832 837 901 939 958 985 990 994
12 57 66 82 84 130 145 186 190 241 254 264 278 281 306 309 318 323 339 350 385 396 414 418 433 435 444 458 470 495 496 556 574 575 597 603 605 670 683 707 710 772 826 837 844 885 946 953
11 49 76 169 185 252 306 362 370 439 486 523 549 567 572 581 594 616 652 736 743 756 810 825 829 831 835 843 893 940 969 998
36 49 65 108 117 126 155 157 162 185 198 220 229 234 247 254 260 263 264 321 336 345 402 417 424 468 474 488 508 556 656 700 717 719 720 741 769 779 784 855 866 889 907 914 919 931 975
2 16 40 42 70 131 185 191 207 212 221 225 241 265 266 283 286 325 345 360 391 411 451 455 461 496 505 522 533 565 566 583 625 654 661 677 688 716 719 772 821 836 845 853 946 951 964 980 990
10 36 66 111 152 170 179 191 228 261 291 320 376 402 415 418 423 458 470 478 483 522 531 560 613 636 653 711 741 753 797 799 847 879 930 984 986 996
7 13 44 55 59 77 81 121 233 241 272 273 280 283 296 326 361 371 416 421 422 433 435 457 468 471 481 485 532 545 568 597 654 666 667 689 708 719 721 736 781 788 812 852 871 894 976 993
69 131 170 228 315 357 409 420 445 516 519 575 596 600 601 655 678 680 693 699 710 715 774 780 787 936
67 199 215 217 233 275 282 312 358 405 461 466 476 517 564 617 672 685 733 760 792 817 877 881 899 922 931 978
46 76 175 223 237 387 408 552 584 692 721 768 774 786 804 825 867 879 939 947 968 974
3 30 73 103 120 124 132 135 137 150 181 202 251 270 274 324 347 358 429 479 498 506 517 519 559 641 646 677 760 846 864 893 895 938 943 953 966
10 33 59 82 113 125 127 139 148 159 198 203 205 208 275 311 347 359 367 372 385 399 445 457 460 469 505 591 630 634 635 653 655 717 728 765 772 797 812 838 854 894 912 938 957 973 979 993 994 999
6 49 55 62 76 114 159 168 177 197 265 276 282 294 349 363 384 386 393 398 481 488 517 523 525 546 576 590 599 609 684 786 833 890 897 903 926 938 943 949 958 968 969 995
19 34 36 41 101 119 121 145 154 186 233 344 381 432 434 463 493 546 552 584 591 605 655 656 662 712 785 823 850 888
20 28 65 72 77 105 144 148 151 217 231 249 285 292 345 354 358 401 402 427 554 566 569 596 603 640 645 652 698 751 799 844 859 865 982
30 36 68 73 96 102 157 210 248 273 395 399 520 530 573 680 747 816 851 884 904 915 933 935
29 95 107 155 197 221 226 250 251 259 394 407 499 521 528 544 592 608 782 840 925 999
61 86 90 102 120 124 149 166 171 177 196 199 211 229 240 242 254 270 345 353 382 423 438 466 480 560 592 636 705 712 793 806 822 877 905 917 922
12 41 94 102 104 122 186 220 237 239 277 314 340 369 392 410 434 467 494 520 521 603 608 623 643 656 704 785 786 799 803 826 839 847 868 887 894 909 979 988
4 12 15 46 60 71 116 123 135 174 188 224 230 239 300 360 369 399 428 440 452 470 486 506 516 526 604 640 656 657 728 772 778 787 858 892 898 922 926 935 947 954 968 973 999
11 16 30 62 64 77 145 187 213 224 244 252 293 300 308 328 334 399 400 421 427 454 459 465 482 486 507 526 535 583 673 681 711 743 805 809 810 817 886 909 920 941 959 982
32 45 68 79 85 102 108 124 127 166 197 209 216 229 232 317 321 326 335 349 369 384 408 438 455 488 508 525 549 589 593 599 618 657 676 681 707 711 748 788 803 832 866 880 929 947 963 993
22 30 35 72 106 149 177 238 269 316 476 510 545 576 596 606 661 675 706 723 755 775 839 854 883 894 902 916 964 971
25 99 100 121 129 143 164 190 191 226 240 301 322 352 355 357 379 416 421 437 465 482 483 500 501 517 526 549 587 610 632 645 670 698 736 756 789 835 859 926 929 944 948 959
66 81 89 130 199 236 274 282 287 348 374 410 414 425 461 473 506 525 537 549 553 567 637 639 642 712 723 739 744 751 761 773 796 811 923 927 973
2 29 38 73 85 136 140 192 243 252 264 269 283 290 310 332 337 349 414 419 441 514 548 553 601 615 636 640 665 668 712 720 755 756 760 810 815 916 939 943 974 979 993
24 86 101 213 305 332 333 368 381 412 492 499 566 620 647 670 719 755 777 825 842 866 884 898 913 963 966 996 999
10 40 57 58 59 64 77 88 112 147 205 211 223 227 257 312 327 364 372 383 435 437 468 498 508 528 557 564 585 594 625 640 660 667 686 688 714 716 733 778 797 828 836 976
12 161 164 225 262 270 271 312 316 323 357 383 433 461 476 560 576 578 582 585 593 637 649 673 678 687 699 700 706 714 723 771 775 779 799 812
3 28 79 97 112 130 136 159 160 381 424 470 509 567 586 654 820 845 850 855 879 940 941 945 964
13 28 50 68 82 85 141 143 149 178 189 210 222 226 239 244 271 273 283 304 306 338 394 403 410 446 464 466 489 519 520 527 590 657 664 681 736 738 823 835 837 844 919 922 929 975 986 989
49 53 164 178 216 251 252 274 306 352 428 455 547 565 568 571 625 751 755 766 830 835 964
4 18 26 81 98 99 120 154 235 288 338 342 361 441 444 459 484 538 543 553 567 652 670 685 694 696 705 721 732 769 825 829 880 920 962
43 128 154 206 323 352 362 415 449 453 594 608 622 675 691 692 743 776 781 797
142 190 210 244 290 395 466 491 496 505 551 601 602 603 621 638 865 900 921 954 978
8 22 27 28 100 224 245 294 351 417 426 465 503 534 590 624 635 639 746 779 781 795 841 857 872
2 6 51 100 148 181 194 200 275 320 321 529 552 581 584 604 642 658 673 699 713 721 762 780 785 834 891 898 910
22 33 66 68 99 122 146 158 161 180 214 216 253 254 280 320 339 348 375 471 481 503 518 543 547 609 661 700 738 742 748 775 783 788 807 816 817 818 821 823 919 938 966 973 975
21 65 121 157 187 208 217 224 273 321 351 411 415 434 441 498 556 599 671 674 705 706 766 841 974 978
9 21 39 57 64 72 127 166 168 179 226 258 276 291 297 382 412 457 491 499 511 543 555 562 618 628 637 685 703 727 762 813 832 843 850 856 885 916 929 971 980 994
2 17 62 81 86 134 140 143 150 189 255 262 280 310 392 401 408 427 459 562 595 613 632 716 759 774 792 807 816 826 909 920 923 940 972 976 996
13 101 159 177 218 241 259 261 352 361 402 409 437 438 443 472 475 592 627 628 659 663 699 710 729 735 765 788 833 911 947
9 13 26 98 151 153 154 174 190 246 310 451 458 494 522 631 638 716 790 829 832 886 896 982
21 26 58 65 82 134 188 222 382 383 397 427 449 478 546 579 595 638 678 738 769 787 828 940 950 988
16 40 122 145 158 222 258 366 385 482 521 537 539 565 583 597 639 732 762 803 822 857 909
3 138 148 167 189 298 303 316 324 343 416 419 449 451 592 601 669 763 812 853 858 860 863 866 906 917 959 971
4 11 20 58 61 134 139 140 173 198 225 234 259 269 274 279 299 327 332 339 359 369 372 430 431 449 463 486 562 575 578 581 590 607 609 641 651 676 720 723 794 833 859 892 937 942 969
86 108 155 156 157 161 168 189 204 244 277 290 390 405 414 426 444 488 497 515 516 527 536 541 547 585 653 667 786 836 854 857 867 884 886 892 917 932 952 971 980 986
41 46 48 112 151 168 201 208 223 230 240 262 350 401 413 416 503 570 578 679 688 739 757 775 815 816 848 867 892 931 939 943
11 17 21 84 105 118 147 161 184 205 237 392 404 428 443 444 502 521 545 552 559 583 595 604 613 654 676 690 698 728 740 756 780 785 807 818 845 850 858 878 880 928 978
39 61 78 80 92 139 158 187 250 267 284 294 326 380 462 483 489 512 653 726 762 766 792 827 831 843 902 934 958 981 988 990
22 41 54 91 99 120 124 136 150 178 179 262 300 348 384 395 419 423 487 504 516 529 537 558 576 615 642 665 700 731 778 805 807 814 839 923 955
39 62 130 149 172 178 185 188 198 211 222 236 259 307 316 323 341 350 373 397 412 445 455 458 494 505 568 598 667 680 703 705 714 718 738 751 766 822 859 902 916 960 967 979
73 142 156 182 320 354 377 378 394 395 478 481 493 575 578 585 597 637 642 741 815 844 969
75 84 85 142 158 170 213 217 225 228 271 287 326 327 343 346 350 359 384 397 419 445 513 523 533 536 540 591 595 639 641 675 676 677 691 743 787 802 804 822 831 861 865 873 877 879 884 946 961 996
17 98 150 236 258 324 332 382 421 423 433 527 529 568 665 697 711 729 730 739 748 750 804 818 837 898 908
47 52 109 131 132 135 138 213 220 237 300 343 347 372 473 483 489 550 560 564 618 685 692 698 717 779 803 826 841 853 944 958 965
5 6 23 108 127 131 138 191 205 220 250 294 354 359 383 442 448 457 468 502 559 593 605 615 661 681 701 734 752 778 839 858 870 874 924 976 977 990
29 31 58 61 63 95 101 156 174 195 223 235 251 261 304 305 324 409 438 463 491 542 599 611 638 652 765 801 817 821 824 954 959 980 991 992 994
