30 57 78 129 161 164 182 253 275 351 360 363 402 408 437 447 454 484 487 491 493 644 662 668 756 757 800 831 845 861 896 925 955 967
2 3 29 51 71 90 102 123 148 171 173 217 261 264 275 289 295 316 335 358 406 430 477 528 561 575 647 649 672 716 765 766 770 785 786 920 936 952 983
22 29 48 66 90 99 113 181 192 236 275 300 309 316 417 422 423 433 437 457 483 487 496 511 512 571 589 626 711 729 734 773 782 790 813 835 884 932 972 992
11 47 54 121 126 159 169 172 191 207 215 230 244 256 307 317 344 370 377 379 381 488 553 573 576 578 585 701 703 719 729 730 745 808 896 959 973 987
11 54 57 127 140 143 153 180 181 220 247 256 288 297 327 341 346 360 375 487 587 588 596 606 664 683 716 760 764 815 817 819 869 886 901 920 927 962 993
19 28 69 102 113 226 231 244 247 266 362 380 399 467 516 536 540 569 618 642 668 673 679 728 739 758 788 790 796 823 831 842 851 853 898 917 923 967
41 44 73 79 138 140 143 146 178 194 200 214 271 279 347 368 373 409 446 450 604 617 649 672 705 717 743 745 747 768 773 782 822 844 860 895 906 929 941 950 974
14 35 41 50 57 58 62 123 146 150 171 193 197 235 243 310 320 339 355 362 382 387 418 452 458 468 473 507 534 561 569 640 671 704 724 726 754 784 833 847 876 884 893 894 900 949 956 973 976
5 40 42 116 123 158 186 206 229 278 279 287 313 316 335 367 388 394 459 469 478 510 539 542 544 599 650 710 722 743 751 768 774 781 835 867 871 890 897 932 947 981 999
78 104 121 185 191 225 254 273 290 305 345 482 506 513 514 536 585 598 640 651 665 711 716 721 788 813 904 908 969 984 987
72 176 197 200 237 260 273 335 344 376 378 413 420 437 465 478 509 516 564 573 618 638 646 649 734 768 929 945 979
24 55 65 102 133 141 159 171 197 208 216 217 221 375 379 380 387 411 469 472 479 489 495 530 537 544 558 570 583 689 718 759 784 811 829 831 865 894 918 970 992
35 43 46 106 211 222 259 270 306 384 452 458 515 540 569 656 770 784 802 836 891 921 957 966
53 64 84 85 142 147 154 188 211 216 283 391 425 546 579 634 636 665 690 700 709 718 727 749 780 785 810 903 987
4 13 32 57 66 79 80 106 115 119 150 157 176 179 183 263 289 296 315 321 325 392 412 451 551 556 585 603 665 678 717 739 771 798 803 825 826 897 902 908 935 960 989 996 999
32 96 182 186 196 210 215 232 271 289 293 313 342 353 370 407 427 471 519 523 530 536 544 549 575 586 593 611 620 636 672 673 694 763 780 797 799 826 850 895 901 919
29 34 43 69 70 106 137 139 163 177 199 208 228 251 343 357 384 390 406 448 449 465 466 472 560 603 708 727 762 792 798 830 849 893 964 986
40 80 101 118 131 141 237 292 418 457 476 512 526 584 596 597 772 806 994 997
2 17 31 43 51 63 83 116 125 128 170 172 173 210 212 249 267 286 287 341 380 388 389 430 452 456 475 531 550 560 572 592 595 609 625 644 656 697 709 769 796 822 826 947 975 989 993
25 73 92 115 184 212 213 219 221 226 236 254 344 368 423 424 439 440 465 516 545 590 601 607 608 643 666 742 751 754 757 827 856 876 915 920 924 980 981 992 993
27 56 111 134 165 172 204 210 237 250 264 269 355 379 407 507 514 518 560 570 582 624 657 660 667 688 799 811 825 837 861 875 884 958 973
60 96 207 273 313 365 374 391 447 514 534 554 598 625 630 714 774 785 808 901 908
18 46 48 50 96 125 142 149 181 256 305 311 395 603 632 633 708 715 738 748 755 788 800
17 46 128 191 212 241 270 277 377 402 410 412 417 419 432 437 454 495 515 548 561 568 598 600 640 644 653 704 711 753 783 789 815 823 852 853 871 928 935 938 959 967 976 984
91 146 147 191 249 250 293 505 562 589 600 697 733 767 773 787 812 818 871 932 987
36 42 90 122 136 150 158 200 211 241 315 369 387 390 404 593 615 670 681 701 743 751 846 865 867 953 966
98 136 159 167 208 211 221 230 309 345 379 413 492 588 611 629 658 692 720 838 848
17 53 118 119 121 168 209 250 266 285 289 307 315 391 404 414 447 460 472 492 519 520 522 543 554 568 586 659 697 725 728 730 768 777 783 803 804 827 883 886 897 900 904 920 923 938 941 959
19 22 150 184 207 247 329 341 382 395 423 470 473 480 487 488 622 635 680 708 717 797 808 827 848 866 880 896 898 961
7 138 174 178 234 297 345 506 553 561 611 619 643 684 722 744 802 830 853 854 859 901 917 937 976
26 66 72 99 128 130 140 144 214 233 236 249 255 285 304 320 378 386 403 420 461 477 486 493 529 601 613 625 626 650 653 658 686 702 718 727 733 810 817 843 848 876 932 941 942 951 981 993 994 999
33 77 175 190 222 243 255 266 329 336 362 367 443 589 649 681 701 748 779 842 849 860 861 934 943
11 20 68 106 135 170 182 193 220 222 278 322 323 365 370 448 449 557 623 628 674 724 725 739 797 890 950 998
32 79 82 96 100 110 120 125 194 223 236 280 310 320 340 346 352 373 471 477 479 489 531 555 575 631 640 667 694 710 724 740 745 763 799 812 816 830 876 892 911 934 942 954 1000
8 28 59 88 147 168 185 210 265 388 399 404 407 427 457 470 510 532 537 554 560 585 593 618 626 632 677 728 778 794 796 830 851 889 890 903 921 927 979 981
10 29 99 108 129 247 249 270 287 330 335 378 413 471 502 523 607 626 696 736 810 882
59 62 72 73 101 137 174 215 239 246 273 281 332 691 713 714 729 851 888 922 967
115 154 198 233 252 253 279 325 334 346 348 409 410 417 425 448 457 458 526 551 605 661 668 684 696 710 719 737 772 773 785 799 837 881 886 887 903 933
44 45 53 54 71 87 102 105 112 118 144 170 185 194 209 223 224 227 245 255 260 277 280 345 349 367 398 407 420 454 463 471 485 497 629 643 645 676 678 682 685 738 792 846 885 921 927 955
14 23 48 114 156 188 190 229 234 255 260 280 321 337 350 359 360 382 390 395 401 406 481 507 530 539 549 567 596 615 724 732 734 766 774 810 813 910 918 925 928 939 943 982 988
60 76 85 144 199 268 285 297 332 384 392 401 465 505 515 549 556 572 595 635 677 704 746 776 809 828 837 899 938 944 963
32 116 137 153 158 234 314 320 366 397 438 493 508 516 518 527 570 603 612 648 703 983 984 985
35 54 62 75 78 80 110 119 123 148 156 167 230 233 302 303 396 400 401 507 566 593 656 719 757 770 825 862 904
25 38 40 63 92 101 128 134 140 187 241 253 256 260 266 269 285 333 375 462 473 483 641 775 787 798 834 906 959 968 977
2 6 53 182 199 243 263 341 418 475 477 483 486 521 613 615 701 772 822 919 937 988
17 30 52 55 74 134 139 141 168 172 186 215 293 303 349 365 392 410 442 443 458 518 653 668 703 713 762 784 793 800 815 835 844 928 941 984
51 55 86 190 214 217 232 351 368 469 478 479 491 506 519 568 596 633 675 714 816 898 924 992
37 66 101 158 183 197 244 258 278 321 344 381 413 431 449 488 496 519 534 563 595 604 673 730 797 806 914 935 966 970
23 24 25 50 67 116 120 137 216 271 281 310 346 349 352 366 395 412 445 449 524 629 633 678 743 761 786 817 844 849 851 856 890 965 994
19 41 71 119 156 183 237 251 253 268 299 321 356 412 463 492 526 602 693 697 751 795 929
21 60 95 138 229 248 257 279 305 316 332 355 371 382 447 466 469 479 486 489 500 523 782 813 821 846 897 898 979 986
9 25 63 120 139 151 188 205 250 264 284 359 377 390 409 448 464 476 492 501 544 578 620 621 684 694 791 798 819 823 849 871 909 918 923 931
14 39 90 109 143 147 148 152 157 184 188 193 209 218 271 274 282 303 367 370 399 429 450 482 504 535 539 574 625 639 644 650 653 656 667 684 696 754 770 805 822 884 895 907 919 942 943 946 983
2 129 208 230 283 313 319 325 389 455 499 518 538 553 582 611 632 711 723 761 801 806 873 927 948 978
12 69 110 111 190 217 222 227 264 283 318 377 389 434 450 473 489 508 551 601 635 654 678 691 707 719 725 738 752 788 839 853 870 886 904 905 919
50 78 79 121 136 173 181 203 212 214 227 263 269 281 301 307 352 405 416 425 435 443 531 537 541 569 601 613 650 681 691 714 734 786 812 835 867 875 895 947 966
30 40 43 55 120 124 153 157 173 233 240 251 263 298 361 421 455 512 515 539 600 605 704 712 748 782 787 811 873 877 924 935 990 999
59 69 94 156 216 331 359 387 410 495 618 658 709 713 750 762 766 780 792 806 955
10 23 99 115 162 176 202 229 287 329 349 455 575 613 614 673 735 739 741 750 754 761 763 800 820 832 844 848 893 926 930 969
10 24 42 44 81 145 223 234 268 272 283 360 478 506 552 590 598 629 632 718 722 733 750 763 872 912 916 934 950
89 92 107 111 138 167 174 232 269 294 334 351 384 402 453 463 510 525 533 549 590 604 696 794 837 840 842 860 863 906 924
10 11 15 19 39 48 92 136 143 171 184 207 227 248 277 364 375 389 420 427 531 537 604 620 703 708 713 717 723 778 783 812 860 873 893 983
22 39 41 63 73 200 248 293 404 486 512 568 572 578 589 600 607 620 635 637 663 802 803 823 824 868 875 894 942 970 989
16 113 125 154 157 170 178 185 194 220 221 223 254 268 275 276 303 362 392 409 417 430 476 505 530 536 540 554 578 633 738 778 878 907 940 969
44 49 59 61 97 134 168 174 270 326 328 354 391 426 430 444 463 474 483 508 517 534 551 556 559 573 627 655 665 669 706 722 728 762 766 790 831 861 900 903 946 986
24 35 159 243 248 277 297 355 385 393 441 470 494 496 508 580 582 610 636 677 695 772 778 786 792 807 887 894 907 913 947 955 979 988
93 142 148 195 220 276 307 315 329 428 475 495 590 643 681 694 727 731 794 811 817 819 826 827 865 887 923 929 934 973 976 994
72 80 146 154 166 167 276 366 368 496 540 582 586 588 761 787 802 816 855 856 875
14 30 42 51 85 111 117 139 160 232 241 242 309 324 383 388 402 505 577 591 616 846 906 925 938 971 986 995
39 46 85 118 226 262 278 305 309 334 365 366 381 406 423 450 454 466 476 491 510 523 556 588 605 652 667 691 698 699 745 748 757 780 790 794 816 841 857 874 879 918 928 937 943 946 989
28 71 110 141 189 226 238 276 332 359 372 381 399 482 488 490 491 493 503 607 615 636 687 716 723 730 815 873 900 908 917 925 950
62 103 129 132 153 176 193 199 280 291 312 325 334 352 373 378 415 418 455 472 482 514 526 581 723 729 733 750 856 865 887 921 991
22 113 155 183 186 201 209 244 254 308 310 373 380 427 436 475 498 547 553 565 570 572 586 594 605 672 709 710 864 867 907 917 937 946 988
23 28 60 142 144 178 251 281 338 351 401 425 443 452 466 470 573 595 658 677 725 774 783 796 803 808 814 819 825 842 858 896 969 970
