4 18 47 86 93 100 141 150 160 176 181 227 232 237 269 287 321 340 357 359 369 384 404 435 451 467 515 529 591 637 650 661 670 696 708 752 753 769 783 803 833 879 891 892 933 939 940 941 975 985
2 8 21 32 37 67 71 76 93 97 111 114 125 146 231 240 261 273 275 285 328 355 382 386 423 451 462 536 566 616 618 650 651 665 686 728 763 799 822 835 845 854 858 869 871 880 946 962 981
4 137 192 284 289 292 311 314 321 356 385 408 494 500 526 568 583 594 643 674 698 723 734 751 814 910 935
121 223 241 284 291 306 329 376 398 406 431 485 508 528 615 623 664 671 704 729 765 893 927 975 981
80 101 149 165 207 316 439 449 453 470 475 532 692 695 764 799 808 891 922 924 940
89 113 142 214 235 404 409 421 439 476 569 603 668 753 763 768 803 837 844 921 924 937
2 15 104 343 389 405 447 464 581 631 662 666 677 687 697 699 721 757 789 810 816 851 870 885 909 943 967
9 46 56 104 115 124 164 179 228 231 238 248 309 319 356 363 408 410 422 438 448 470 506 519 524 531 545 586 628 645 654 658 683 744 760 762 763 774 823 825 844 850 852 853 889 904 947 951 970 993
44 86 176 243 277 341 418 506 568 595 638 649 655 702 706 739 785 838 842 915 941 948 984
2 14 75 129 132 225 250 266 290 318 331 377 403 413 443 445 476 506 515 517 534 541 576 595 615 622 668 704 721 734 800 813 818 859 864 911 924 934 943 961 967 996
11 38 59 66 126 148 238 243 246 385 413 449 499 554 562 565 607 633 652 656 688 776 845 868 899 986
8 69 79 95 148 338 411 415 459 501 513 587 603 636 671 696 756 784 792 822 851 898 909 915 943 986
8 43 95 150 175 199 266 269 389 436 490 543 545 571 689 729 751 759 838 843 934 944 985 987
28 47 94 141 205 239 336 390 419 453 461 502 534 591 653 657 703 769 844 860 862 879 896 942 958 985
10 21 29 42 58 138 204 211 225 255 429 483 519 533 603 604 647 650 697 718 747 758 813 819 841 842 857 859 865 992
8 38 39 58 98 161 233 312 335 344 345 377 394 395 482 490 500 506 553 569 581 630 666 682 687 731 736 788 818 882 921 952 953 974 984
30 36 38 40 91 92 106 110 135 138 150 158 159 171 172 238 266 286 289 310 314 328 332 349 372 386 388 413 434 469 525 528 564 575 653 670 730 755 800 900 937 956 972 975
45 67 91 133 159 179 184 193 237 306 311 379 400 519 554 577 582 616 625 661 692 741 809 823 885 890 897 936 974 975
16 91 116 117 118 127 133 139 150 165 188 189 190 194 221 231 243 245 281 289 298 301 331 409 443 449 505 507 557 563 611 619 653 685 693 720 733 830 864 871 876 878 967 990 996
10 73 93 116 129 157 171 189 223 225 282 351 370 387 393 428 445 475 493 596 599 651 680 698 733 822 833 855 876 908 910 934 936 952
26 32 61 169 179 207 217 227 293 330 376 382 451 535 547 572 644 670 730 781 806 854 927
3 20 149 156 164 183 204 265 300 310 341 367 431 467 478 479 526 564 609 621 650 657 672 703 744 811 925 950
13 21 34 40 193 246 255 284 366 398 403 464 503 521 524 541 568 601 615 659 711 733 735 753 848 855 885 893 902 921 922 974 979 988
49 63 64 73 75 87 125 160 162 183 206 278 345 367 375 377 404 437 483 487 492 498 533 536 559 586 617 631 673 688 711 717 721 740 785 813 820 850 894 936 947 954 961 972 976 978 987
120 122 154 157 176 211 234 257 265 282 294 295 318 320 363 366 381 391 421 426 523 530 533 555 569 573 578 594 599 622 673 686 695 703 760 764 775 779 822 851 860 896 935 982 993 996
74 151 173 197 304 330 335 356 377 394 449 501 569 588 600 630 655 761 763 888 899 987 991
9 10 19 40 48 52 57 94 100 122 142 143 170 303 328 356 365 376 381 470 475 482 487 501 520 544 589 612 668 710 712 740 744 795 825 871 886 892
126 142 156 259 262 268 279 379 383 418 431 481 547 550 564 594 634 686 691 723 730 735 741 802 803 813 816 827 828 847 864 872 890 919 920 940 960
35 49 51 79 88 117 159 246 386 439 460 467 479 490 523 542 551 559 596 600 610 623 662 722 724 739 747 754 758 759 810 857 858 890 903 910 930 942 970 977 999
127 152 192 335 344 351 367 382 387 406 423 443 460 518 545 622 624 633 688 786 893 960 968 971
37 47 64 93 96 141 149 166 267 308 309 317 370 411 476 498 517 676 713 761 805 814 815 881 940 968
11 89 130 170 333 399 414 424 474 476 482 514 524 535 563 595 626 635 637 684 689 704 740 791 870 905
37 58 98 187 192 198 212 250 259 267 278 335 336 367 370 409 421 479 512 527 554 559 590 623 729 754 755 832 833 852 879 880 888 929 933 944 952 953 983 993
16 34 49 51 68 77 123 148 175 180 181 185 197 202 211 216 255 301 334 345 348 396 403 457 467 472 483 514 560 561 606 618 633 647 754 761 780 790 796 800 812 859 905 925 935 970
9 18 28 34 37 41 53 75 158 182 183 222 237 264 282 311 325 500 502 596 641 659 664 679 773 777 796 866 891 901 908 930 932 942 946 949 965 990
110 117 216 242 252 257 326 330 344 398 417 427 480 481 482 557 570 602 619 620 676 694 713 760 802 815 872 931 958
64 90 122 163 187 190 202 203 204 211 216 239 300 319 324 345 353 366 398 418 501 514 530 547 549 634 654 669 730 732 770 773 775 788 802 843 907 909 947
36 52 67 81 98 127 141 198 220 228 232 260 357 366 396 460 462 466 469 473 492 541 571 641 649 651 723 733 760 793 817 821 823 883 888 895 905 910 937 946 951 961
28 39 238 243 267 279 309 411 471 472 481 523 536 556 643 651 765 814 848 859 861 873 927
7 79 116 125 127 163 227 259 298 303 340 346 375 384 400 448 452 490 533 534 619 625 627 646 649 659 672 713 755 774 775 801 805 846 865 876 957
25 82 106 122 125 129 160 164 217 231 259 296 320 321 322 351 355 386 481 491 515 557 567 605 614 616 647 655 670 692 697 709 719 725 739 811 883 926 935 942 943 959 989
9 29 97 173 186 373 411 447 497 541 589 654 672 688 693 712 745 783 845 884 892 962
18 73 86 140 174 186 191 215 224 278 301 354 357 440 502 560 586 607 683 710 728 831 868 880 922 937 955
18 98 110 114 157 175 207 213 240 251 291 300 316 342 344 350 376 400 423 510 511 515 528 537 546 558 560 587 589 596 625 639 657 666 682 683 691 693 753 808 832 854 905 924 930 947 951
3 12 16 78 79 99 101 175 331 381 408 430 546 637 655 667 691 696 749 750 758 832 843 849 886 923 964 973
3 91 102 128 133 135 153 168 188 210 212 217 318 339 350 368 380 455 470 503 516 530 534 549 557 570 574 588 631 662 696 759 765 796 804 834 881 888 890 896 933 938 948 968 976 981
7 41 103 157 196 212 228 272 288 314 318 324 350 360 374 440 468 537 543 662 681 701 774 776 787 797 808 833 886 909 951 962 986
4 67 83 104 121 138 144 189 235 314 319 342 379 392 450 453 458 479 496 535 538 583 608 613 682 692 700 747 766 877 892 896 920 957 985
5 78 97 146 212 226 257 274 282 283 286 327 351 363 378 385 394 395 407 441 487 492 539 546 568 584 599 612 618 642 656 661 686 695 711 723 751 761 782 788 807 873 927 944 946 952 957 958 972 997
2 19 28 32 40 47 78 85 95 101 108 119 126 173 186 193 197 250 278 347 375 401 429 435 443 445 486 567 633 693 708 714 716 751 758 764 769 839 850 856 870 894 990
29 49 120 158 170 195 216 273 298 336 389 395 433 488 545 612 623 649 682 687 747 764 844 852 858
16 58 179 188 189 239 279 291 320 342 348 379 394 435 440 508 555 559 615 737 858 879 918 969 998
10 30 34 51 117 138 170 206 208 209 223 269 276 280 285 299 309 319 363 400 416 503 612 672 708 711 712 713 726 728 734 738 748 772 778 811 823 840 880 883 920 963
36 94 131 146 178 200 206 232 240 362 472 495 551 552 727 755 759 811 819 826 848 953 968
23 29 51 52 70 82 104 124 182 232 241 262 263 306 313 315 352 402 410 421 429 444 518 543 554 555 577 603 613 676 689 695 698 750 769 805 820 850 870 872 881 997 1000
19 82 83 106 110 120 142 171 217 239 241 285 303 307 337 341 354 355 396 463 551 583 585 629 661 734 831 852 853 854 886 894 902 915 962
5 24 50 83 94 107 112 135 155 158 164 181 193 197 202 220 230 240 265 284 307 331 336 370 396 453 474 493 517 523 530 547 570 587 592 598 637 648 673 697 725 777 783 799 810 819 829 860 865 867 874 875 915 925 976 984 996
11 100 121 190 198 229 235 241 253 445 489 494 518 656 690 698 703 725 735 771 803 863 865 948
4 36 55 75 145 149 165 190 219 228 311 316 358 412 448 456 462 492 502 514 549 587 593 618 636 641 677 708 710 728 741 743 748 750 785 808 832 871 894 934 997
7 19 124 129 173 176 182 188 223 262 385 387 420 425 460 519 548 560 671 676 683 735 805 891 917
62 100 244 247 389 464 469 503 549 567 579 588 599 647 749 773 796 853 868 967
55 126 163 201 324 341 354 355 375 384 465 474 475 487 521 577 588 604 634 748 754 788
6 27 30 134 160 206 254 330 340 410 413 498 521 678 748 816 857 876 881 893 906 912 928 945 970
30 60 148 198 207 262 286 340 404 408 418 526 555 705 715 776 799 857 925 987
3 39 64 82 136 146 165 182 220 265 269 300 301 307 310 364 387 447 448 522 558 577 607 630 634 653 654 664 671 677 739 749 767 773 824 944 955 981
54 72 116 147 167 225 227 246 270 316 348 384 410 429 432 446 509 528 543 544 571 581 600 604 613 643 729 749 774 845 855 868 873 883 899 936 941 957 974
7 38 73 101 180 187 218 220 255 257 279 286 289 321 328 382 454 462 464 508 526 537 589 595 616 656 677 740 746 765 802 810 825 855 916 955 980
5 31 33 55 78 83 84 95 163 180 183 187 235 266 302 305 342 371 423 431 435 493 537 558 564 581 586 591 607 636 657 668 673 777 815 816 818 831 836 842 851 899 908 960 976 986 993 994 997
17 22 32 39 86 89 109 114 177 204 250 273 361 403 406 409 494 508 521 535 540 544 551 558 597 613 625 632 636 675 687 689 704 707 725 741 742 750 775 785 819 842 848 864 873 885 887 995
52 114 121 124 156 181 192 237 256 271 273 307 320 323 350 397 439 447 451 474 483 546 580 591 600 641 777 838 913 933 941 953 958 966
5 11 21 41 65 97 105 156 171 180 186 202 236 258 291 303 306 324 348 354 395 406 442 472 477 493 517 518 524 567 604 619 622 631 663 664 814 820 831 838 843 853 860 872 902 908 921 948 961 990
55 89 106 120 133 135 249 285 440 563 594 640 643 691 712 794 798 815 820 902 960 984
41 159 267 297 298 310 357 381 469 484 494 498 500 504 536 544 563 570 571 583 630 659 660 666 710 721 744 776 783 800 818 825 914 920 922 930 955 972
