102 129 162 208 250 275 282 321 328 329 381 411 447 641 649 678 696 810 827 934 993
30 33 40 178 184 203 206 242 268 378 432 455 469 501 515 548 589 598 676 695 778 853 916 958
67 74 76 91 109 153 155 368 374 411 430 497 518 616 663 678 700 785 791 870 939
26 85 95 109 114 124 126 127 151 159 161 176 210 300 314 366 376 393 421 427 459 460 465 506 514 539 586 639 643 652 808 856 885
4 71 95 96 128 188 190 225 246 277 284 289 304 328 345 377 459 491 498 511 525 537 540 554 557 573 579 619 636 637 646 649 662 683 718 796 797 799 804 840 849 853 854 912 937 951 978 995 996 998
5 19 25 36 38 42 85 133 153 156 322 338 511 559 605 642 667 682 713 724 736 792 802 823 839 847 865 875 887 929 963
8 9 15 17 32 76 86 117 180 243 267 308 345 390 413 431 444 535 631 665 689 725 728 750 799 802 876 883 912 943 962
14 125 128 156 187 195 205 206 243 258 282 363 402 462 522 620 657 740 754 764 802 859 916 999
21 47 103 109 131 142 164 167 205 226 250 258 266 329 351 353 357 390 438 471 477 500 503 513 532 533 548 563 568 647 729 749 753 817 819 832 849 900 937 953
2 31 32 49 78 99 135 142 228 266 310 321 372 429 450 516 529 582 594 607 616 637 643 758 835 847 871 876 916 918 980
38 62 140 147 151 207 233 281 296 303 347 348 415 489 549 554 598 712 728 833 835 881 980
61 86 106 206 212 216 342 346 511 537 541 551 598 628 647 673 685 724 739 762 785 821 844 858 943
46 166 179 198 238 247 263 267 294 299 304 331 360 362 366 439 500 502 515 550 602 682 739 761 805 813 837 839 906 941 964 976
3 20 25 53 58 115 123 128 143 265 310 349 362 372 402 424 435 439 450 480 529 535 548 556 565 592 595 617 636 706 724 752 757 835 955 963 964 968 979 981
18 39 96 128 131 146 177 181 186 290 299 395 443 459 464 476 502 560 601 607 678 693 695 753 768 808 850 883 887 903 918 939 993
24 53 87 96 110 137 254 266 271 331 347 350 357 400 407 453 458 466 479 493 580 625 637 682 777 785 796 827 867 880 950 953 971
4 10 15 17 19 85 89 110 122 137 146 153 185 307 322 345 361 390 404 421 446 558 567 645 649 663 670 718 725 733 746 763 764 769 813 823 833 892 943 958 994
36 42 89 107 114 124 130 142 169 223 250 289 334 363 421 434 443 455 466 468 476 500 532 579 583 625 631 663 665 697 704 715 719 727 758 772 773 778 849 860 862 877 885 912 930 943 992 995
60 71 80 97 171 174 209 279 354 371 383 394 430 447 494 596 715 729 755 762 799 860 895 908
25 107 116 199 234 303 396 405 413 481 497 582 611 668 673 718 755 795 820 828 832 946
23 26 78 80 86 129 169 303 401 421 442 461 500 555 621 644 722 728 741 771 846 864 871 895 918 936 938 987
2 31 50 78 91 102 105 120 146 203 225 233 238 279 339 396 405 416 447 457 468 484 507 577 583 605 654 673 681 698 711 730 801 807 832 865 883 890 897 915 940 945
52 54 88 107 150 159 164 183 214 245 250 258 280 305 326 371 383 397 402 413 424 436 457 468 535 555 568 590 599 627 641 695 717 769 828 845 855 860 875 876 925 936 945 949 969 982 987
12 236 251 261 275 306 395 399 437 452 521 570 632 642 695 709 757 878 919 957 983
42 77 227 315 337 350 380 381 417 420 497 588 606 608 721 749 769 854 958 974 977 978 996
65 98 138 164 189 190 233 287 288 409 495 512 534 553 579 651 653 683 760 786 852 869 956 997
40 89 281 299 339 346 393 468 514 568 733 741 742 786 919 968 979 983 991 995
12 32 77 114 232 245 279 445 447 470 547 565 632 647 652 671 722 725 791 797 813 814 841 886 892 906 935 948 959 974
29 31 56 90 113 114 119 173 212 213 259 279 321 342 371 373 378 391 396 399 406 424 445 476 485 527 539 554 598 609 629 661 689 723 745 804 821 833 860 869 882 896 925 938 968 989
39 52 73 87 110 116 172 215 254 260 289 322 419 433 506 531 607 658 666 688 733 750 834 904 928
15 22 53 80 125 153 154 188 223 311 318 336 350 435 481 497 538 539 556 585 603 626 645 682 688 729 741 753 769 839 848 908 917 935 936 989
40 79 93 111 133 180 187 217 219 239 310 312 328 355 486 508 513 610 613 634 741 750 762 791 803 887 907 928 959
25 54 82 92 105 108 111 117 225 242 247 292 305 321 330 347 376 379 395 465 512 542 551 579 606 632 635 657 659 690 692 758 766 810 819 822 849 869 873 965 967 973 984 996
28 58 66 116 178 186 225 243 255 275 284 306 338 364 373 380 424 512 546 576 607 689 718 735 835 870 881 911 934 939 945 962 978 982 999 1000
33 34 58 106 169 174 299 314 315 360 418 453 513 586 616 621 701 768 861 896 918 951 977
20 21 107 147 312 329 435 452 460 602 636 714 724 729 793 904 933 955 984 991
23 24 28 102 131 133 147 205 290 301 307 339 433 471 482 499 613 624 645 651 757 777 873 875 886 887 896 913 933 944
8 28 33 56 117 134 197 228 233 390 437 479 509 641 660 754 784 811 878 958
15 73 123 175 179 240 331 342 420 458 498 502 514 568 602 618 624 674 723 768 868 909 936 974 992
14 41 47 59 101 126 179 180 295 357 361 370 416 422 432 437 461 494 509 529 581 621 652 750 795 814 827 913 971
44 54 104 108 178 220 228 280 304 314 385 450 453 471 545 589 619 643 649 675 683 684 696 732 770 797 806 895 916 917 942 944 957 966 974 977
19 21 32 39 68 105 108 166 227 234 288 291 315 344 366 376 426 469 473 503 517 551 555 581 602 603 616 622 631 726 869 886 900 908 909 925 935 963 969 976 980 995
5 31 57 61 120 125 129 130 159 186 187 252 254 300 324 333 347 359 367 389 413 415 420 535 561 585 586 597 604 618 622 625 652 664 665 669 671 672 678 705 723 744 765 775 783 800 847 873 928
36 52 204 207 208 223 258 352 372 373 431 480 508 551 552 566 593 599 603 764 795 817 867 874 877 894 921 927 932 966
120 151 163 204 242 334 346 419 433 475 665 670 779 782 853 921 923 971 982
35 67 80 84 90 95 96 110 120 183 224 286 325 332 345 376 378 386 402 452 454 561 610 613 633 634 637 643 654 664 668 743 754 782 870 876 878 920 948 966 969 970 991
8 78 118 183 204 239 388 405 425 457 458 461 529 537 595 606 731 778 825 854 904 906 912
28 48 71 126 135 141 156 162 237 318 326 381 383 393 412 483 611 632 641 647 817 833 843 856 903 907 945
124 158 165 282 317 330 363 403 455 548 587 622 630 648 693 731 735 764 790 805 814 821 826 854 868 977
23 27 87 242 257 313 320 322 342 367 382 412 435 445 457 480 566 583 585 599 635 638 651 657 838 839 870 884 886 923 937 938 947 953 962 972 975 984 986 989
7 39 70 72 162 164 222 269 280 283 288 302 333 387 405 431 460 465 477 479 677 763 780
33 73 127 221 244 304 399 409 445 462 534 537 547 554 670 691 693 696 731 776 805 823 832 948
139 247 272 439 475 583 623 634 715 749 759 881 892 914 923 955 979 983 989 999
22 43 61 81 132 135 162 168 199 266 432 460 462 488 580 610 666 725 766 810 815 816 819 829 848 851 878 956 993
54 90 142 211 286 323 329 356 367 373 375 378 412 415 423 437 474 513 520 539 561 656 680 706 747 756 797 808 853 905 946 959
91 130 235 243 344 350 365 377 415 455 467 469 491 499 503 536 561 582 619 639 668 685 707 723 735 755 794 809 818 847 889 891 910 914 923 960 968
40 47 90 91 100 111 170 218 221 236 245 249 275 295 303 409 412 443 456 495 604 614 621 654 687 710 763 779 892 921 946 951 957 982 991
61 83 121 131 144 156 159 205 228 251 263 280 293 377 419 466 491 495 547 574 581 596 603 611 655 662 688 733 754 795 810 819 867 871 934 962 967 973 996
12 20 101 144 230 236 238 276 331 363 371 392 453 490 494 508 564 572 589 640 768 771 812 906 933 983
5 94 101 102 105 109 112 123 178 196 199 314 359 411 420 430 431 451 475 476 477 499 541 543 580 626 628 630 804 910 919 933 935 937 963 966
24 30 73 113 121 126 212 259 339 340 360 459 477 492 591 604 605 630 685 786 863 873 885 944 946
5 106 111 127 190 238 262 270 289 302 306 307 333 344 469 514 605 635 651 666 699 728 779 788 840 899 917 999
77 85 124 145 174 188 194 234 269 295 300 360 383 391 458 475 526 544 566 654 783 858 879 881 888 901 948 980 987
36 38 53 69 113 157 212 259 324 361 410 471 499 645 804 827 830 919 971 987 997
4 17 22 26 38 116 135 147 151 179 182 188 201 209 254 264 281 286 337 338 361 384 404 439 448 481 541 585 623 624 639 662 664 685 693 787 796 872 907 928 931 951 954 964
58 87 146 209 211 259 290 328 338 393 414 416 452 479 515 565 582 624 694 696 734 739 751 767 883 903 907 908 938
11 12 56 63 123 207 209 318 358 369 423 487 507 541 569 600 731 738 781 821 823 836 973
14 19 75 86 101 137 187 200 211 248 286 326 367 380 391 398 428 441 506 509 556 565 578 626 631 634 671 745 771 778 814 848 952 955 961 978
23 24 67 127 166 211 267 282 298 324 326 372 409 462 478 505 566 628 739 753 786 808 1000
37 47 121 174 183 247 251 284 309 362 396 416 432 494 534 610 642 657 683 702 706 757 760 777 784 840 856 857 893 909 910 944 956 993
2 17 45 56 76 106 144 202 231 239 278 295 312 327 334 335 337 404 449 472 481 503 506 511 519 524 532 556 575 618 689 697 703 706 798 858 866 877 900 903 914 921 990 992
133 160 221 227 240 245 253 256 290 307 312 316 344 359 399 427 465 498 504 596 604 639 688 722 758 813 867 868 896 904 925
6 20 152 274 330 443 507 509 510 611 720 745 760 799 802 840 865 910 917 969
14 30 113 117 125 180 206 300 362 377 419 423 427 480 589 613 623 625 626 635 662 664 666 671 697 716 722 748 782 784 828 871 900 902 913 926 934 956 985 997 1000
21 26 51 71 144 169 191 203 204 223 269 288 306 330 334 380 381 391 404 430 463 502 530 571 595 612 622 623 628 636 642 650 679 715 745 755 774 779 783 784 791 796 828 831 877 909 939 976 992
4 8 22 30 42 76 95 136 137 148 149 190 192 193 208 227 229 236 251 269 302 319 333 341 346 408 411 461 515 555 599 606 673 686 697 766 777 789 848 898 914 922 973 979 988
55 77 89 186 199 203 208 221 239 240 284 297 305 315 318 324 357 395 423 440 523 547 596 630 663 735 737 749 766 782 858 895 913 957 967 997
16 52 64 67 121 207 285 310 337 359 433 496 508 528 534 580 581 584 595 763 783 785 842 865 885 967 976
2 13 108 129 240 263 281 450 498 562 586 615 618 668 670 771 817 868 875 953 959 1000
130 166 234 241 263 267 273 302 305 343 366 427 466 491 495 507 512 532 619 708 760 762 805 824 856 924 964 984
