20 25 52 79 94 165 218 231 271 321 323 324 356 461 485 558 622 630 658 676 750 825 944 945
74 98 133 150 191 196 205 226 238 276 278 280 307 332 476 509 610 622 626 675 677 767 775 846 867 901 943 974 988 992
101 146 154 156 167 240 261 323 341 343 372 412 419 429 441 465 466 491 506 514 527 550 598 601 612 623 626 631 655 664 696 749 813 906 921 931 933 944 966 972 973 975
10 108 141 174 179 193 309 324 393 472 517 536 603 605 609 618 631 720 729 799 935 977 995
8 56 68 114 122 126 133 296 302 439 473 501 504 538 632 642 644 648 683 684 689 747 750 752 753 823 890 914 951 970
13 22 24 143 164 171 212 252 300 374 415 436 448 464 469 471 473 483 491 508 572 597 659 667 678 690 804 831 855 882 894 978 986
38 168 169 183 198 217 313 380 422 465 470 488 489 496 547 566 612 717 827 895 990 992
37 106 111 126 149 186 215 220 229 242 253 269 309 322 411 429 501 589 609 613 615 625 648 668 690 697 738 758 761 812 831 843 844 848 873 938 969 976 982 991
88 178 182 183 187 197 247 263 266 268 273 313 339 340 363 364 400 447 464 482 493 524 578 590 597 623 628 660 680 710 723 724 726 763 778 786 889 900 904 921 942 947 956 958 967 990 996 998
8 56 62 117 142 222 248 348 457 461 468 485 521 617 704 749 758 802 832 874 891 906 922 925 981
10 41 54 60 61 140 141 159 166 216 238 251 283 354 389 443 474 502 519 523 524 549 575 606 679 716 772 781 825 826 839 880 883 893 955 962 977 992 994
34 37 71 83 187 222 289 306 326 345 396 454 493 495 499 558 569 601 610 617 651 661 775 792 812 816 831 849 935 949 985
2 9 17 27 39 55 77 83 129 163 170 193 197 225 250 277 280 345 347 359 365 375 388 391 398 414 456 474 477 480 571 633 636 644 658 671 672 676 698 729 730 815 816 936 952 955 963 969 977
61 65 106 110 144 217 279 304 320 326 363 402 455 490 508 524 539 554 556 602 661 678 705 707 729 793 814 828 865 897 945 961 971 980
33 48 55 58 72 107 132 154 188 191 229 246 258 320 356 358 372 404 447 454 488 491 501 539 548 585 641 643 661 771 782 790 836 855 874 879 909 919 963
49 81 177 208 228 360 397 512 516 537 547 573 575 626 642 715 730 844 860 875 876 885 889 905 979
6 9 17 27 105 120 124 133 141 183 197 207 225 246 280 307 373 377 398 415 418 423 432 438 483 529 533 544 590 675 677 711 756 761 765 806 826 832 853 859 871 881 911 948 949 964 993
16 23 91 105 120 132 165 167 236 318 332 418 433 465 476 545 561 576 579 582 678 685 695 785 814 831 858
29 101 148 151 152 160 163 200 211 262 316 379 391 392 411 422 441 468 509 624 748 797 798 869 893 904 913 931 944 968
6 18 30 51 151 204 239 284 318 331 335 443 450 458 485 499 566 593 602 689 723 725 847 955
41 49 77 81 102 111 174 207 282 298 308 320 327 371 395 419 439 485 491 496 499 518 521 547 551 589 690 702 709 787 825 865 866 870 891 902 914 960 976 990
2 29 91 130 174 176 190 258 263 311 328 341 365 397 544 560 592 627 628 646 647 665 672 676 701 702 709 721 770 796 885 960 986
37 58 69 92 98 139 169 177 203 243 371 385 415 494 507 565 569 678 704 735 989
14 65 75 153 256 272 310 378 467 478 522 526 571 598 606 649 701 808 832 901 979 991
32 39 93 97 116 161 165 276 297 300 311 317 327 340 368 374 387 410 471 483 489 636 645 670 694 797 812 848 853 872 873 908 987
7 18 23 54 161 167 224 267 328 330 357 376 439 488 560 568 661 702 778 811 840 865 885 910 919 965 986
20 96 160 172 193 208 251 265 320 327 369 408 478 510 525 538 592 656 699 749 773 794 813 820 823 843 864 877 898 908 910 933 942 956 959 962 975 976
16 17 18 20 64 120 133 169 189 219 223 227 261 277 281 316 381 411 417 473 496 501 534 551 563 564 616 618 636 647 670 675 679 684 687 712 751 765 768 774 805 811 816 873 914 959 980 987
190 262 268 354 376 448 507 510 525 552 580 619 644 652 705 725 750 801 834 939 948
33 59 106 117 165 262 346 445 518 535 571 614 617 619 692 700 720 732 772 800 802 826 848 910 913 942 948 965 969 979
17 52 54 100 156 177 194 260 270 362 369 407 435 508 531 584 623 757 770 772 786 794 818 819
43 63 99 109 158 175 207 324 430 460 461 476 489 529 619 634 676 722 782 934 941
52 117 118 170 201 275 307 322 340 351 422 493 523 622 623 639 658 667 724 746 784 823 854 882 889 915
22 33 34 46 60 98 166 218 233 251 255 277 286 361 392 429 460 468 473 475 510 527 536 583 612 618 621 622 638 648 659 666 724 746 786 833 877 886 905 918 924 956 994
52 80 159 222 253 402 472 544 603 672 684 725 751 779 817 945 960 965 989 994
11 29 43 50 71 72 111 235 255 328 334 339 359 373 391 425 441 489 518 523 536 543 563 601 610 664 670 759 771 825 845 854 869 914 931 934 941 962 971 983
5 10 38 55 120 131 132 163 195 228 234 242 279 331 373 452 527 543 556 621 644 755 797 859 861 939 940 966 990
81 103 239 259 286 309 432 462 464 567 579 630 718 729 736 806 889 929 963 964
3 8 38 75 110 115 191 205 206 292 299 308 407 537 544 576 727 731 839 854 933 943 947 971
60 204 261 279 307 316 343 447 457 512 590 596 643 723 732 762 807 824 830 911 928
3 54 101 104 106 130 145 158 159 222 263 277 351 358 376 391 465 528 539 541 552 561 572 667 673 683 689 730 732 743 761 814 904 909 933 984
13 15 61 75 103 146 166 192 284 323 390 403 445 459 550 630 663 677 716 720 760 837 876 883 909 922 930 941 946 954 975
2 7 30 87 110 114 163 177 212 227 263 276 294 315 343 359 390 402 414 424 437 457 503 506 519 531 532 563 592 605 632 649 671 719 734 812 816 853 872 899 901 907 916 920 922 966 981
29 38 39 82 129 137 147 155 242 273 279 313 315 329 350 365 553 605 615 704 752 791 828 856 911 917 928 971
69 92 143 227 240 257 258 282 284 285 315 329 356 395 405 407 409 439 447 556 570 603 632 635 670 692 728 772 778 794 809 813 861 865 872 893 898 908 918 928 942 952 986 995 996
7 45 62 72 73 78 111 130 141 166 170 174 201 209 232 305 323 369 422 448 520 553 555 559 566 572 585 619 632 650 651 662 693 708 764 810 823 854 859 885 915 929 930 952 987 996
9 45 55 73 82 112 126 157 160 169 259 314 322 351 437 445 453 480 488 509 510 524 525 553 638 658 713 740 746 844 883 922 924 927 959 977 988
72 90 108 125 161 212 214 218 237 246 288 310 339 366 376 390 445 494 558 561 594 599 600 663 700 713 750 783 860 887 888 945 947 949 964
69 105 119 139 146 185 212 274 276 306 355 363 370 373 382 383 395 402 430 434 457 471 477 478 484 500 538 571 585 647 704 714 735 742 758 765 824 842 915 944 954
9 39 71 98 114 192 229 392 411 430 458 495 515 521 534 537 634 649 713 739 782 789 796 802 805 813 918 975
16 24 34 49 62 77 229 327 345 397 493 506 509 518 539 572 599 610 617 620 625 663 677 682 829 883 906 947 955 991
31 40 56 139 213 221 273 316 367 434 437 487 496 566 589 599 602 626 683 705 714 761 769 877 896 903 919 937 962 981 992
3 35 115 201 294 315 319 337 354 424 431 444 517 551 568 585 605 607 857 869 876 877 915 926 930 934 985
37 65 69 121 217 228 230 268 300 308 312 392 454 458 477 486 494 512 555 568 575 595 606 609 630 651 737 758 766 843 946 952
26 30 59 76 96 103 143 185 208 209 218 251 262 329 336 386 414 428 446 478 486 538 550 560 579 627 653 683 690 723 724 731 796 828 861 898 921 960 965 999
27 40 44 53 82 84 89 107 144 182 216 247 286 295 306 309 310 313 369 427 458 460 476 479 490 529 534 587 604 634 657 664 667 668 671 716 760 786 805 843 882 891 912 950 954 963 1000
8 12 42 68 95 108 127 139 154 158 160 213 261 285 326 332 333 338 353 358 371 372 406 418 505 517 611 681 689 691 705 788 793 838 851 874 905 909 919 928 935 941 995
28 66 112 148 156 161 184 216 225 264 285 290 291 293 340 344 375 397 429 434 480 507 513 531 540 552 586 597 621 672 674 697 746 752 760 827 845 913 930 959
67 180 201 217 233 246 294 325 415 421 511 560 581 588 595 598 663 700 702 735 775 868 891 958
4 40 43 49 77 105 112 173 192 233 238 241 273 318 332 365 375 399 424 490 507 517 537 576 589 599 638 669 706 752 770 805 850 852 876 886 898 904 951 956
41 71 81 83 92 107 171 205 233 247 384 395 440 471 472 492 498 548 555 615 628 669 679 692 693 697 701 748 824 860 886 935 950 958 964 974 981 989 991 997
20 23 36 60 61 68 70 91 130 143 148 197 213 240 250 253 255 284 301 349 356 407 419 424 432 474 490 495 512 519 534 553 557 558 562 563 597 625 627 647 675 679 703 730 748 768 932 950 988
40 59 82 91 96 108 132 144 205 253 265 354 441 472 579 636 669 716 732 741 780 795 802 811 824 828 835 918 957 969 987 995
27 56 123 170 181 182 208 213 216 238 239 250 265 310 374 401 499 530 574 609 668 693 748 751 851 893 901 905 924 934 946 953 999
2 23 24 101 114 146 190 247 264 303 317 434 461 497 521 592 618 628 686 733 814 855 863 878 943
10 45 47 113 156 171 182 204 249 285 352 437 442 444 448 480 494 547 548 550 556 569 590 606 608 640 651 671 688 731 745 765 771 775 793 822 827 832 841 853 855 929 943 946 951 989
13 22 134 135 171 199 227 255 280 306 342 358 463 486 546 602 754 777 811 851 869 874 939 979 994 999
115 151 167 183 209 244 245 259 264 308 311 317 322 326 328 343 413 416 430 443 486 529 531 542 551 576 642 649 697 709 714 768 797 845 860 873 892 908 949 976
7 16 19 62 92 107 110 192 250 300 341 363 419 444 474 519 523 552 561 577 627 659 701 725 744 760 768 778 806 839 931 948
6 21 24 34 58 59 65 85 103 144 185 207 210 242 287 341 345 351 359 398 414 418 420 444 506 536 575 595 603 615 631 638 648 770 771 844 882 950 966 980 999
75 86 129 187 191 202 228 239 264 282 294 324 339 374 390 449 451 481 568 625 669 821 826 845 848 861 884 910 951 980 985 988
6 73 96 112 115 136 148 162 185 187 190 204 331 371 398 432 454 464 468 527 543 555 569 595 601 634 654 713 782 793 794 796 859 862 872 929 974 985
30 45 68 128 138 154 286 317 443 477 495 525 548 591 631 637 700 731 886 911 913 921 974
3 22 33 151 254 258 259 265 268 311 372 375 394 460 543 612 621 629 643 659 668 693 714 720 776 827 851 906 958 996
13 18 41 43 57 58 73 83 117 126 129 158 159 193 209 225 240 282 318 329 331 426 483 508 598 642 643 664 684 692 709 735 749 751 803 806 839 923 924 939 954
