51 61 81 83 117 224 275 418 444 470 494 525 636 651 655 718 722 746 815 835 851 926 939 945
126 183 186 223 256 264 356 375 402 418 542 544 564 651 717 727 772 825 826 840 974 986
14 54 73 136 141 154 156 166 182 229 239 247 288 289 296 319 326 378 412 428 432 438 506 511 576 598 612 625 657 670 704 752 762 790 791 818 828 909 921 934 949 950 985
10 74 81 89 117 185 205 251 314 353 447 533 565 730 822 825 862 865 898 921
16 22 51 55 77 90 91 117 122 134 141 162 168 217 258 268 299 309 317 347 348 380 404 421 444 476 585 621 658 659 705 724 740 741 759 779 793 816 819 821 833 850 863 866 901 928 945
54 125 142 175 184 196 350 409 442 466 479 499 586 588 629 636 667 677 707 737 888 998
42 64 99 165 169 174 192 218 230 244 266 345 346 375 389 392 401 408 436 480 494 509 533 536 571 572 603 615 640 651 663 678 681 721 788 793 808 837 841 863 917 923 944 967 968 989 996
15 22 63 95 99 118 134 233 248 249 308 321 363 427 437 455 464 467 493 501 523 535 570 585 614 624 629 638 684 714 751 757 771 775 847 863 878 881 898 932 934 965 966 990 996
30 41 43 44 73 155 160 219 261 282 389 449 588 731 752 806 856 857 864 887
178 183 190 211 237 258 323 384 395 432 444 450 578 593 647 658 698 707 741 766 795 808 838 867 912 943
18 89 98 116 126 158 179 192 216 332 336 341 360 368 398 410 437 453 464 501 539 540 545 583 612 638 643 649 689 717 733 754 760 785 811 814 836 842 856 862 870 887 889 900 921 953 957
6 14 51 61 66 82 85 92 198 240 347 378 414 431 499 564 597 630 632 648 653 696 704 743 747 804 823 842 854 906 925 930 941 950 953 989
12 16 26 52 166 248 304 315 403 506 516 565 577 666 797 820 863 897 951 967
24 41 70 90 110 123 139 179 233 291 292 293 295 298 337 352 389 428 440 450 467 485 505 514 518 525 528 612 689 791 797 825 862 864 891 897 914
10 22 29 173 204 218 224 269 278 303 311 333 354 356 357 404 455 495 501 528 532 579 580 595 604 640 641 666 683 690 717 732 742 762 797 821 837 839 848 881 900 919 934 952 963 964 974 982
125 254 365 386 388 391 411 420 432 480 544 564 601 645 684 711 717 723 731 828 900 929 953
15 38 57 72 82 87 224 309 336 461 487 504 520 570 660 712 744 775 873 890
74 105 138 180 224 230 231 242 374 384 424 447 523 551 554 643 658 659 681 763 772 782 784 835 845 883 931 941
5 8 18 105 152 154 158 168 240 250 258 269 276 295 305 307 308 313 370 401 440 445 457 481 486 533 548 549 572 584 585 590 600 622 640 647 719 729 750 764 775 785 828 851 874 903 920
18 22 29 82 87 142 145 193 205 215 231 261 321 358 379 431 456 497 519 567 571 582 723 731 759 790 810 861 878 910 954
7 16 34 50 127 130 183 217 277 299 404 425 434 442 453 521 524 568 582 608 648 649 683 691 723 738 743 755 800 851 866 875 985
55 76 82 113 128 150 288 289 315 446 477 537 543 570 576 589 610 638 647 710 755 810 815 861 886
37 61 72 197 256 269 272 280 349 376 412 426 436 449 571 584 606 608 619 624 627 634 665 669 753 763 875 925 927
2 4 49 72 139 174 295 327 335 351 413 417 423 430 450 452 476 509 511 512 536 596 630 650 652 687 709 718 779 864 869 904 913 915 949 950 989
57 105 117 133 141 167 180 247 253 286 373 460 597 656 661 698 709 713 772 805 807 811 817 888 914 925 947
23 48 62 130 152 192 228 284 296 410 598 603 675 770 780 874 884 886 907 955 989
19 47 74 101 105 106 107 114 135 140 229 270 277 323 353 362 388 391 402 438 440 485 508 519 563 575 601 644 645 652 693 700 760 769 784 787 795 810 845 859 861 867 889 899 947 951 958 962 970 991
60 151 260 310 315 355 375 378 420 486 504 511 525 542 561 565 571 635 650 652 675 725 729 793 796 841 858 880 945 964
129 144 158 164 221 243 261 293 333 336 340 342 388 409 421 440 515 519 541 641 708 721 814 852 883 898 918 922
9 32 39 80 81 106 142 152 205 217 225 263 293 298 336 343 350 384 388 391 442 455 463 465 468 504 522 544 619 630 640 698 742 888 911 917 972
131 232 238 292 297 367 451 455 477 479 498 545 632 637 671 691 751 757 777 789 825 841 884 885 921 955
11 13 40 43 72 75 88 104 108 130 154 196 208 238 248 255 273 285 397 413 428 449 454 500 531 536 561 641 666 680 695 703 708 724 804 818 830 883 899 911 915 933 940 985 993
18 56 195 238 239 248 263 272 315 347 356 393 412 429 441 494 500 630 659 762
33 38 49 95 168 188 214 217 218 229 259 283 299 313 350 415 483 520 527 554 567 599 608 625 648 733 788 833 860 937 946 971 978
11 14 59 112 115 158 159 195 196 262 322 330 370 431 498 569 581 610 648 675 723 740 749 795 830 866 872 893 907 932 937
33 96 110 128 186 233 253 266 314 322 365 436 479 525 606 635 646 654 676 685 734 771 787 829 911 983
4 43 108 110 174 177 185 210 234 240 245 321 366 385 449 458 491 517 587 607 609 629 651 665 871 946 957 996
17 54 86 92 128 146 180 206 210 221 263 283 304 308 332 356 357 366 443 446 568 587 589 598 606 618 683 690 704 719 726 742 750 751 772 807 811 815 817 823 836 867 883 960 972 980 983
35 36 226 228 241 256 269 303 334 347 403 463 548 563 582 610 612 619 659 724 743 752 765 833 852 856 924 925 968 973
47 118 192 200 288 304 339 384 411 486 510 529 569 738 762 859 868 869 889 976
10 123 139 169 186 204 234 288 362 456 472 502 621 624 643 649 667 673 719 758 807 845 908 914 948 997
29 31 184 189 195 263 357 360 382 401 407 421 443 456 477 485 491 503 512 517 542 545 597 632 650 695 701 729 739 760 817 875 931 954 959
15 57 59 94 99 140 219 282 329 415 452 480 486 497 511 533 539 587 617 625 631 652 674 679 689 702 703 709 750 796 797 845 879 972 975
39 53 67 79 262 404 405 425 476 517 540 566 569 591 606 607 626 664 796 836 898 973 987
16 97 124 152 157 166 175 221 278 281 306 313 324 373 406 411 418 428 498 512 540 548 556 572 595 691 711 718 742 808 822 827 911 947 968 983
119 170 182 227 228 333 402 413 436 600 604 638 683 706 764 777 787 791 806 869 915 963 974
4 129 154 187 189 220 229 231 283 338 411 420 487 522 568 620 623 627 693 711 763 776 780 790 810 835 839 901 930 931 950 999
69 102 126 130 204 270 277 305 332 357 409 447 470 483 500 560 589 592 618 636 663 750 759 771 779 830 897 942 957 985
37 43 89 118 121 222 225 313 346 383 403 477 496 504 555 560 562 604 719 755 800 853 922 960
40 162 228 268 290 292 303 397 467 473 479 520 552 557 567 576 587 603 653 660 695 781 830 836 838 865 880 881 967
46 84 101 148 155 157 174 184 185 262 272 283 302 307 320 385 414 433 450 536 538 548 555 558 564 621 624 653 661 667 692 695 747 775 785 807 812 814 824 829 837 849 855 877 957
4 59 170 204 284 312 346 349 378 435 513 523 560 561 577 607 618 660 665 666 688 773 829 839 875 924 964
37 61 90 109 180 270 298 304 325 362 366 421 430 519 679 715 716 726 781 783 785 800 832 924 936 979 994 996
15 20 26 28 47 60 106 125 176 201 202 268 302 306 416 425 439 442 475 487 512 526 534 570 582 588 627 635 653 661 684 747 788 815 822 859 902 919 980
29 106 132 171 225 266 295 316 320 394 397 414 528 546 550 585 589 595 598 763 792 834 837 843 852 878 888 901 938 945 951
13 52 108 126 141 155 161 170 189 219 296 307 322 344 350 353 391 397 444 452 487 488 547 573 586 625 636 643 663 681 694 720 733 741 760 767 777 791 804 859 887 949 956 964
50 93 133 147 149 170 183 218 233 253 271 286 309 322 362 365 419 468 506 515 527 576 597 635 645 664 672 740 741 771 806 811 852 869 878 880 886 935 951 955 963 984
3 51 54 67 134 169 210 213 256 289 332 361 371 385 410 429 499 553 616 627 631 645 670 684 699 799 851 897 907 912 947 955
40 55 69 78 100 123 125 129 143 163 166 175 221 277 286 323 359 381 387 396 403 415 424 438 561 642 663 697 711 738 784 798 828 833 864 954 973 983
11 47 50 87 120 234 246 278 279 306 389 420 468 470 528 555 595 600 649 794 804 973
11 27 73 111 179 199 270 325 343 370 398 412 448 518 650 661 664 665 689 733 809 874 880 884 914 941 946 974
26 60 85 153 236 239 349 369 377 558 577 660 677 729 818 838 844 866 874 968 979 981
39 57 69 85 92 103 207 209 231 286 300 325 372 447 489 523 527 530 558 560 579 584 611 618 621 647 657 724 736 786 793 873 881 882 892 922 969
2 13 21 40 41 49 67 74 84 89 95 99 142 189 212 219 307 314 325 353 364 409 422 424 469 471 515 518 588 632 668 688 691 698 708 745 814 829 842 861 873 905 917 919
39 55 84 101 137 185 230 235 238 247 249 360 385 399 429 430 433 453 459 483 500 586 604 631 634 657 664 679 681 708 721 779 781 787 800 831 839 841 887 895 899 922 941 946 980
52 58 71 172 258 282 349 375 464 517 544 567 605 629 657 658 757 764 858 862 865 896 915
2 83 110 123 168 175 184 282 305 387 437 482 497 563 601 693 726 756 764 768 813 834 886 937
157 179 289 306 318 398 431 484 508 509 539 558 602 667 686 707 751 850 919 931
26 38 162 205 240 252 303 373 383 424 433 499 607 608 688 693 759 774 780 808 821 834 842 858 884 889 937 953
13 25 37 41 46 50 69 81 83 108 156 182 196 201 257 299 301 343 365 383 390 476 501 506 515 562 568 704 761 795 802 821 850 894 907 916 949 995
33 59 73 83 133 182 194 201 203 272 278 284 302 309 323 343 368 387 432 446 508 535 542 594 619 675 679 688 718 726 747 757 803 817 838 865 930 960 977 988
46 129 133 157 201 292 366 368 401 410 429 452 453 470 494 522 545 555 703 709 867 900 901 963 979 992
2 10 14 46 60 67 90 134 253 267 268 274 305 320 368 370 387 400 425 430 433 443 456 467 480 491 507 508 527 535 539 559 562 631 634 677 743 780 788 790 806 818 876 912 932 954 972 979
139 140 155 191 225 249 294 333 402 413 438 446 464 474 492 497 518 520 522 554 579 584 628 707 735 835 934 960 980
95 101 140 156 162 169 239 249 284 296 298 321 328 443 462 463 478 509 535 554 574 579 600 610 639 682 721 731 738 755 778 822 823 846 873 961 967
33 38 52 65 68 84 92 181 186 195 230 234 247 261 262 266 308 314 320 346 360 373 383 398 414 415 437 485 498 540 562 563 565 569 577 601 634 641 670 690 728 781 796 823 850 924 930 1000
45 49 85 87 118 128 156 210 265 287 293 302 331 418 463 468 483 490 491 572 586 603 613 633 662 670 677 690 703 740 748 752 777 784 801 834 856 858 899 912 917 932
