9 15 23 24 27 31 39 40 42 45 55 62 68 73 79 80 84
17 20 23 27 31 32 35 58 59 64 72 74 78 83 88 93 96 97
14 21 22 24 25 26 35 41 42 45 52 76 82 87 93 96 97
10 20 29 30 36 37 40 68 71 96 97 98
5 8 13 28 38 46 63 72 75 76 77 81 87
2 21 22 27 28 29 37 39 47 49 59 70 82 87 89 92 93 96 100
17 19 22 23 27 32 39 42 49 60 66 70 75 77 78 85 89 92 100
10 17 24 30 35 37 38 43 49 55 59 60 72 74 79 89
2 28 33 38 40 42 45 51 62 92
15 21 34 40 47 55 67 68 74 79 90
2 9 12 16 29 38 44 47 54 56 57 60 62 70 74 76 82
9 11 32 47 60 68 69 75 77 80 89
3 6 17 20 24 28 36 48 49 58 70 75 86 87 92 94 97 100
7 10 11 30 35 36 50 72 79 95 100
9 11 15 22 32 45 53 58 61 62 65 78 80 82 93
2 10 11 20 21 29 31 36 55 76 77 99
4 15 18 23 30 31 37 39 58 59 78 80 91
