23 43 94 164 314 339 434 482 529 572 576 588 623 646 781 807 863 873 888 905 939 959
9 12 20 60 63 106 154 167 216 224 249 283 310 332 357 368 370 371 407 452 463 481 508 523 558 566 604 613 616 618 625 636 649 672 678 679 695 704 764 779 785 800 813 875 901 906 919 977
21 72 144 245 252 257 263 350 361 432 457 498 557 570 639 673 823 842 874 906 926 958 982
4 101 120 168 180 225 244 279 361 393 398 406 428 442 462 509 525 528 540 568 584 605 652 706 729 751 755 781 819 850 860 872 900 916 924 932 936 957
2 87 102 123 136 137 208 270 272 285 323 388 406 425 435 439 461 503 527 576 581 604 614 620 624 629 691 700 720 741 771 788 798 803 835 900 917 957 983
31 39 84 89 92 131 176 204 244 256 270 309 330 341 348 403 422 468 549 578 623 631 635 676 714 760 823 827 830 832 840 869 884 932 944 969
16 57 149 157 168 213 221 243 244 259 299 318 324 438 461 532 545 605 633 676 712 797 809 819 852 907 923 978 985 990 997
20 63 190 197 219 336 357 370 387 520 533 586 615 674 699 730 816 837 857 872 890 950 958 987
26 32 91 93 143 216 226 228 240 279 282 290 301 312 319 385 393 397 407 415 428 543 545 588 594 613 614 643 681 693 718 740 743 748 759 816 836 845 860 894 895 923 993
22 45 82 209 212 269 325 341 386 452 462 634 654 684 690 764 783 825 928 999
14 18 35 54 87 94 161 204 208 233 305 391 406 447 453 500 530 532 544 569 603 608 652 706 714 738 812 821 881 891 906 939 958 960 976 995 998
4 241 305 379 435 463 475 533 635 656 680 753 768 771 803 822 832 848 860 862 865 869 881 888 972 975 991
13 108 166 182 187 191 202 241 265 327 414 428 467 530 552 583 592 611 619 652 769 772 813 849 884 886 892 982 996
10 25 91 116 143 178 191 194 203 238 325 339 343 369 422 459 542 553 558 735 756 850 917 938
4 7 11 70 94 98 100 151 156 211 223 245 303 334 350 367 385 405 437 439 475 508 528 562 564 571 578 600 603 655 661 664 685 723 729 734 739 745 755 837 842 843 873 883 954 970 977 981 994
19 23 51 87 206 232 258 339 342 357 366 378 510 582 726 734 760 768 783 814 822 850 855 898 957 979
5 74 75 131 155 206 242 274 275 327 330 409 411 418 463 474 520 564 569 570 576 659 741 771 805 834 887
78 83 85 128 175 190 213 214 224 234 241 284 332 353 364 372 392 406 410 416 484 506 511 513 524 541 560 565 570 612 624 631 660 682 773 774 797 830 847 877 884 885 912 917 925 933 938 943 979
36 45 46 84 87 169 175 209 227 279 280 300 305 336 379 424 470 591 623 636 654 676 729 744 749 767 804 816 866 868 879 891 938 967 993 1000
9 63 73 98 112 127 147 176 208 217 257 330 338 389 409 412 446 447 453 473 509 510 531 556 584 609 611 658 659 668 704 740 750 754 757 768 774 816 819 839 849 886 896 937 957 986 990
8 31 36 39 70 77 81 98 128 137 140 190 283 295 303 304 370 377 398 443 453 478 526 527 535 621 632 734 772 792 813 825 868 967 972 981 998
67 153 179 236 339 342 393 413 414 421 471 518 545 546 559 569 574 614 643 644 677 683 739 784 827 899 900 945 948 954 997
57 84 102 114 180 194 206 230 232 244 256 331 344 381 397 421 440 485 546 549 575 583 585 614 625 642 670 691 698 721 740 754 880 928 956 964 972 977 981 984 999
35 45 52 124 145 154 155 173 202 209 256 298 325 332 346 374 398 419 424 442 477 548 611 657 699 730 755 788 808 811 815 835 857 898 901 902 905 909 915 923 950 962 969 990
3 11 15 39 113 126 127 134 161 173 184 226 229 253 288 309 318 362 389 396 422 505 510 547 589 708 714 716 724 744 748 790 798 818 849 881 912 919 982 999
112 135 163 253 335 369 379 390 411 477 489 532 561 587 602 671 795 878 909 910 916 933 969
20 84 105 114 286 298 299 309 314 336 340 342 405 495 605 626 690 731 765 794 799 825 884 932
32 48 79 100 108 122 130 132 143 151 210 256 267 280 290 297 316 319 333 356 392 403 423 454 482 573 590 623 636 660 663 713 743 826 860 970
32 53 57 95 120 155 243 268 280 283 337 358 369 385 386 407 438 465 496 543 628 663 671 676 690 722 731 758 763 839 861 873 933 940 950 951 958 984
2 5 8 9 58 97 109 111 112 117 173 180 222 225 226 234 250 268 349 351 365 383 429 432 453 487 490 563 609 617 624 641 730 735 739 741 772 798 803 817 818 828 867 870 894 898 910 934 949
24 62 71 108 126 175 233 247 266 287 294 300 314 325 351 359 392 402 431 435 436 437 442 477 525 529 565 574 618 641 671 673 707 734 750 776 838 915 934 975 976
63 91 117 122 152 172 262 272 302 310 311 322 337 391 408 414 430 458 501 541 552 574 580 653 721 737 740 778 842 844 848 893 911 922
29 67 76 116 144 145 161 189 221 229 270 364 401 605 618 659 706 713 772 779 781 893 925 979
38 47 48 103 105 145 170 188 192 196 204 239 319 326 338 385 388 432 433 478 481 485 500 518 522 529 538 543 545 549 550 570 576 592 625 673 754 780 800 832 859 947 978
114 120 138 150 168 233 280 317 375 391 393 427 518 597 613 752 769 783 838 873
30 60 62 64 97 102 137 169 229 234 284 303 417 557 601 651 677 700 719 729 773 826 827 852 904 908 981
113 182 215 251 271 299 354 382 437 444 481 546 634 654 683 716 750 773 830 836 876 904 996
22 26 69 80 92 97 103 128 144 156 213 225 243 272 298 305 310 328 334 341 351 461 468 493 500 522 530 557 578 581 593 597 637 641 660 687 716 761 779 795 807 829 881 911 931 938 993
23 31 121 402 407 420 421 431 467 481 511 558 703 706 732 751 797 846 911 931 946 970
5 25 34 85 102 132 182 186 194 211 215 248 369 390 403 462 480 502 509 551 566 574 592 598 606 627 704 765 797 824 852 859 899 916 925 942 954
34 39 48 65 113 179 206 213 216 218 223 250 301 365 389 402 405 426 461 487 525 542 547 578 580 588 615 663 699 726 774 812 817 829 857 868 875 907 919 984 995
5 73 125 143 144 169 170 224 239 289 370 372 408 444 547 551 567 590 598 627 629 633 647 654 677 692 784 878 905 996
78 90 175 191 218 267 279 283 310 331 332 353 384 558 571 587 600 669 711 795 825 897 912 916 978 992
7 8 30 119 167 221 258 261 290 338 373 400 408 428 464 478 573 682 694 788 794 918 963 967 983 991
52 62 168 229 239 253 265 270 363 364 372 376 424 499 501 597 629 630 642 735 744 765 910
29 50 65 78 116 134 152 156 176 234 235 236 245 253 272 334 352 380 390 452 482 486 487 511 514 517 528 532 543 559 569 573 577 579 613 621 634 636 709 742 751 766 835 939 948 961 970 973
12 34 49 172 194 218 221 243 254 257 271 301 306 308 397 420 471 473 494 513 566 581 588 624 635 678 690 713 733 750 872 889 907 978 980 983 986 996
45 65 73 103 137 250 257 258 319 323 331 335 395 462 541 625 634 639 693 705 723 735 789 934 937
2 20 62 108 109 172 188 202 207 241 340 357 360 397 473 520 526 582 595 645 673 713 726 747 844 891 929 976 998
81 85 122 170 171 180 185 186 223 226 231 259 286 320 351 409 580 587 643 716 737 803 866 886 910 983
12 23 92 97 112 117 127 145 155 167 172 182 233 247 248 293 298 331 338 356 408 422 426 455 456 463 468 472 475 488 508 527 537 571 598 615 639 666 679 721 728 748 773 817 826 852 859 909 960
67 107 131 196 204 246 250 278 292 433 466 491 523 638 776 810 829 838 903 912
25 130 141 156 160 183 201 294 324 533 606 611 646 748 784 792 875 899 900 923 937
65 75 83 127 152 176 193 218 265 353 361 403 468 488 523 580 700 757 759 764 921 943 967 974 995
4 11 25 47 59 132 220 258 383 392 487 488 534 536 603 604 675 807 831 866 913
28 30 31 36 78 81 170 174 237 259 315 383 386 433 438 443 530 541 564 571 592 652 657 667 747 756 759 769 794 815 822 833 835 844 848 850 866 868 891 894 905 928 935 943 949
42 99 105 196 268 321 350 373 431 439 475 513 523 590 646 679 737 760 815 888 893 977 998
12 27 105 116 139 179 181 190 191 281 301 323 329 334 336 350 355 356 402 405 411 451 469 503 565 584 637 646 683 756 771 817 823 829 869 871 883 904 906 909 921 925 950 954 991 997
11 22 110 130 167 199 247 260 267 268 271 274 300 323 324 379 388 389 391 404 414 420 437 440 447 471 477 552 582 598 663 700 762 765 775 792 875 882 952 979 995
17 60 98 133 205 239 286 409 479 485 575 581 603 633 639 666 687 693 878 921
35 67 68 75 109 134 152 154 193 202 224 247 274 296 309 313 335 337 340 342 394 398 420 440 467 504 513 600 606 627 642 660 696 743 756 757 759 777 786 788 815 838 848 872 914 928 966 972 975 986
29 96 225 255 294 337 347 365 419 519 529 534 549 671 682 723 731 754 794 813 857 894 898 997
47 57 129 133 141 162 169 335 473 478 511 584 596 637 641 776 782 819 839 939
2 7 32 35 56 81 92 120 173 215 271 340 365 383 390 419 447 482 503 518 533 534 542 622 687 701 837 859 897 933 965 984 993
29 134 245 421 467 484 492 494 501 528 542 597 615 621 650 659 691 704 760 774 818 858 915 927 941 988
7 44 75 91 188 236 248 290 300 371 373 432 433 443 445 471 484 485 494 559 583 587 633 642 643 682 715 721 741 747 853 883 901 931 949
26 37 52 70 85 100 117 126 128 130 132 141 179 236 276 291 419 443 520 521 557 573 575 687 693 779 897 930 931 943 975 976 989
34 70 208 259 265 277 494 515 526 538 551 609 629 678 697 699 746 768 800 812 826 948 953 969
8 66 83 100 103 114 154 264 318 345 373 444 512 539 546 555 575 590 621 679 710 783 787 818 849 856 864 893 960
36 60 104 113 115 118 122 133 161 186 196 327 361 411 431 435 448 460 483 503 508 509 522 552 566 607 618 627 631 677 714 743 751 769 776 796 798 801 812 823 842 844 854 869 907 932 955 971
22 26 40 86 109 165 193 232 267 273 307 318 371 439 440 442 444 488 501 510 522 534 538 551 564 637 648 657 666 686 689 717 755 770 793 795 807 820 878 883 917 960 990 999
148 198 211 215 327 356 364 426 476 583 631 688 691 737 781 791 888 897 949 991
9 52 88 177 299 388 424 438 525 526 538 547 559 565 609 723 784 822 832 836 839 911 934 986
30 33 41 47 61 83 126 131 141 142 193 200 232 248 284 286 371 372 426 449 484 500 516 527 582 606 640 657 665 666 678 683 702 726 731 736 739 747 802 841 886 937 948 968
48 94 151 186 188 195 209 211 216 274 294 324 399 441 450 452 600 604 727 730 744 830 899 919 920
6 55 73 133 146 151 158 159 223 284 303 314 330 341 353 386 497 507 554 599 610 635 662 725 757 764 792 800 806 827 836 837 851 901 904 915 921 982
